Layer : 1:
Train Loss: [2048.4328774651176, 1669.4224457625394, 1603.7589455723685, 1539.5948813159612, 1481.5629485026147, 1419.7729429914875, 1368.036088772581, 1313.7479024055037, 1256.006155653979, 1198.755071766007, 1144.48968998851, 1084.4637234764523, 1034.322220088143, 994.2960435506797, 946.3382676787592, 909.732070428862, 880.9277350336528, 847.8431464844548, 825.313104825366, 801.635409313374, 780.2618469777179, 759.0505348090801, 740.2244208057072, 725.184058232429, 712.0901132562411, 698.5655659388061, 680.4030451902461, 669.7826292388497, 658.7330822442543, 647.3209891235072, 635.5104037098357, 624.4609483752553, 615.1324972273712, 606.2098188905485, 599.9860439562501, 586.8868350346468, 579.0666408202007, 572.1019777730838, 568.5671156838955, 560.1197926712784, 551.0791280907381, 543.184365908097, 539.0089356376892, 533.2126495406236, 529.5164442293155, 519.9906896113414, 513.9929756628602, 510.7630422279054, 504.239971807067, 498.5033523068076]
Test Loss: [1716.2095260719848, 1621.9753316642411, 1655.2355301601435, 1526.5051993974673, 1444.5141010758146, 1384.101546463312, 1346.9322319080627, 1289.7262428433287, 1250.102175843482, 1166.0628921807981, 1109.417151596967, 1059.086434557547, 1022.1327540977328, 1013.369214086595, 993.5674251381868, 940.6279840207567, 924.4052958768957, 877.5803541195938, 850.5963209364149, 815.2166647318921, 875.6945480645871, 772.2850549835006, 779.9235478619345, 760.7186957465278, 738.6637571447036, 721.2425353006599, 726.5585115520004, 698.4399492450789, 727.3062168894251, 685.2141435810164, 691.3231612062143, 661.1793304243898, 672.4387083564709, 639.5692109749987, 629.0248312756906, 613.5958884145699, 632.2479991538852, 615.9569761986826, 605.6402912613613, 604.931875370998, 590.1778170816259, 623.8283440783133, 588.0425990484898, 588.6984134848601, 567.1134770312341, 566.5313239053963, 565.3280802209393, 564.9218690361073, 568.4562637827755, 566.7606956132877]
--------------------------------------------------

Layer : 2:
Train Loss: [2504.752091801346, 1703.893270907954, 1652.3330604747825, 1581.0668145747961, 1518.8239823335757, 1457.4559725155777, 1402.5983727544333, 1339.2836023983104, 1266.840409951868, 1200.703055661827, 1133.6669940936013, 1073.1473517907532, 1024.5907399269238, 979.6391850952388, 937.8874805617597, 903.946515040276, 874.3449315132855, 841.7609825259023, 812.1387115089311, 791.3674650922018, 766.9205953973504, 742.7335488149121, 723.0269805828366, 703.110480418932, 685.5807906575574, 673.3024717347149, 653.4131056621544, 640.708921084457, 627.8578765824233, 612.6984226134496, 602.9247804221334, 587.8454009081664, 577.3459462227581, 568.1209174655792, 558.1688495309155, 547.5002117393998, 539.6502189835822, 528.8045334600794, 523.6614176274281, 515.0585288427638, 504.5374835421635, 499.3800655050633, 495.35225392074034, 487.1040259910768, 479.85731865612803, 473.06869016588706, 464.87849888074936, 461.0269985510837, 455.9143749309413, 447.86420955121554]
Test Loss: [1770.0408927967346, 1706.4513515098422, 1695.804277766608, 1553.5457876168045, 1474.652238394544, 1429.0842634213516, 1421.752631492864, 1457.0706840963924, 1253.8823325761782, 1163.2568365358838, 1079.357377674377, 1050.2142000884012, 1062.4937119028928, 1020.2429921268638, 986.8379148794935, 934.144831758387, 916.2828321469376, 856.5737828871783, 838.0461329840367, 871.0352301105175, 821.0081852333218, 783.4402408574921, 751.9528517579721, 753.4063553953482, 750.9550738764744, 700.0842684477763, 727.998322291156, 673.9487747491575, 675.3874461653965, 656.0511870540046, 658.2751265581917, 646.4711107241562, 634.5688723894506, 620.2263883902357, 603.177017052345, 602.0540768791648, 586.0307483348971, 591.2709937999451, 580.5613181718813, 573.4589170767591, 573.8744146209916, 566.7531354318257, 557.6151155359605, 556.2585032145182, 540.7445893829944, 540.8684851552925, 537.3460872276156, 529.5940351498673, 537.3913255080678, 551.4445844064351]
--------------------------------------------------

Layer : 3:
