Layer : 1:
Train Loss: [2080.885112335824, 1687.6706582787303, 1632.152103331761, 1572.0272064208984, 1510.3037564045, 1447.7606999638658, 1381.487393106644, 1317.7593751836243, 1250.8479718843887, 1187.0793440016053, 1131.4361401714477, 1079.3806195355771, 1029.8129232392894, 987.8037454868314, 953.8252354454105, 918.7850928496815, 889.1626330039484, 861.7794982930116, 835.1030402124279, 816.6269975790718, 794.7810563411176, 777.0720153269696, 757.4215660120163, 741.0621890410479, 721.5178780115999, 700.5330372655056, 694.6195380570765, 681.9219719941044, 664.2557681865205, 653.2374198444534, 646.7043834010162, 631.7758907395457, 623.6036677638092, 610.5915565964754, 600.3815681527377, 595.555142818673, 583.7941109212572, 576.5397390486603, 569.5229562032137, 562.9386114790364, 556.5340075271437, 543.9959389341665, 540.881090045677, 534.7836486337386, 526.6443455598181, 519.7680310560567, 515.1625252393744, 508.80251214455905, 505.332950411161, 496.77944424107153]
Test Loss: [1732.1245147505617, 1639.6038314919067, 1581.3222148421544, 1504.4659274232154, 1459.4682521446077, 1397.457241202959, 1431.8137987323835, 1273.4049629560484, 1227.3186252569062, 1163.5980116501353, 1109.2380543029387, 1106.5739388858572, 1015.6538132611443, 998.7857464160794, 969.8617624719159, 949.4075772553488, 903.1607188904208, 918.0033142089844, 866.2281886281531, 902.5173957176457, 894.6265600865183, 813.4307405758527, 807.7757990220014, 792.0764963386885, 758.2198849347682, 786.0388236849916, 737.9158439486635, 738.6971135557087, 739.9376848208359, 755.5269321017795, 718.1487946952869, 698.740784110275, 687.1917062996259, 685.4481610865374, 679.870651683932, 657.4923449447732, 687.1552436878478, 661.086577351888, 652.9259244731828, 663.6644377864264, 636.5825494304981, 616.8571490418677, 622.5009516298381, 629.1868208342908, 615.1254046072368, 607.3700395471909, 608.0105137145597, 602.6209444631938, 597.4481459474252, 584.517055177377]
--------------------------------------------------

Layer : 2:
Train Loss: [2216.4572419091096, 1705.6564591821304, 1657.3448668854778, 1609.4056724912596, 1560.4609366217962, 1518.3616977788952, 1477.9479599248514, 1441.7484667761175, 1399.8712016942065, 1360.2388883881354, 1321.778078127874, 1287.1281923103209, 1244.0466811564952, 1208.7516544559096, 1173.8349754777587, 1144.3089245982696, 1112.625909285112, 1084.0588903632954, 1056.426787461854, 1033.035692607912, 1008.769116029309, 987.0702236168053, 967.917369296147, 945.9444686161139, 924.802843107594, 909.6578459830125, 897.0497835307748, 882.9831084506507, 866.3175751690462, 856.3559990552924, 847.3565446493125, 832.6559665722344, 823.9076238997704, 812.8833927381577, 804.5422797293504, 795.8099650999859, 785.3938190367894, 778.5721447173095, 770.7175663211441, 760.3581442574101, 754.8542401979296, 751.1288653237123, 742.6078835357007, 734.6822064376641, 731.1504754365232, 722.0154856225881, 718.6184527070948, 713.2083282570499, 704.9334950244372, 700.4875991127708]
Test Loss: [1744.680166526246, 1665.6307831010008, 1608.8350428363076, 1550.0689315496707, 1516.8072010314543, 1462.7519544813367, 1523.003024272046, 1404.5032243317248, 1368.7879829356873, 1317.418721516927, 1293.7261134328405, 1267.6571955662148, 1255.7990368014068, 1201.4699134976256, 1165.0582517935559, 1149.974618310866, 1146.6349795272927, 1130.120774133221, 1092.0001280541514, 1058.0129714866089, 1031.902088200189, 1030.919483658535, 984.570127040888, 966.6853546940423, 958.0888734505846, 938.6245052960963, 929.8232135049658, 922.5010329103159, 909.4166507097631, 916.7951072144352, 901.7306818743937, 880.2229504155177, 871.1497182609208, 880.0422241011477, 874.890577248966, 848.5987733329823, 854.6808573205486, 844.8011458054087, 825.6368563384012, 830.3259494956022, 804.709626680262, 807.2955497791564, 794.5868520100911, 800.8483578152127, 815.1698766172321, 774.7395416259766, 810.8594877155778, 801.6810970131868, 808.6492812013314, 779.1109055662466]
--------------------------------------------------

Layer : 3:
Train Loss: [2211.8919080555866, 1710.680041436045, 1660.9963709829367, 1608.2714557635231, 1552.7578777565218, 1499.3795607412774, 1441.3997977177562, 1392.4057562698954, 1337.4366109734506, 1289.2563398522127, 1241.1983672716478, 1196.9929155907341, 1151.4018653685007, 1115.1776448980197, 1077.1569807003962, 1047.9422098662512, 1016.4579420819479, 988.9539373284309, 962.4974425311491, 942.3690335789563, 922.2909569599957, 905.558833319974, 887.1966173110873, 870.7133802934127, 854.772846074725, 840.981034083644, 830.3955417979847, 816.6435145745486, 801.7857435586953, 793.1746492454474, 785.380975123244, 773.4520776722461, 763.276481289112, 754.7395373257724, 746.9847118460017, 738.4814203086439, 728.9833975717708, 723.1768950118669, 715.5457646960601, 707.8295177611906, 700.2687615942846, 693.7269567885065, 687.3235429098904, 684.1443297895752, 676.1578045278067, 668.6730330986786, 666.8168073620494, 661.1340579525016, 654.5435610335196, 649.5454583426875]
Test Loss: [1744.9377785676445, 1675.4265956903596, 1611.3155999476614, 1551.5937094295725, 1505.447085072636, 1456.8667336058772, 1462.7706905988307, 1336.7884342368131, 1306.7024033889272, 1248.234167360792, 1218.1089962628932, 1210.432150607639, 1122.447241131153, 1116.0263113782296, 1078.1916081048305, 1095.1466300216375, 1040.086341528799, 1004.1685879975363, 993.9609960618362, 972.9406709558823, 985.9710870879927, 944.6665142782373, 912.7481245252822, 897.7884074292152, 917.5554124620226, 878.1647867639081, 873.737245387657, 845.375678188349, 858.3634618622026, 884.1078829497294, 826.6073321373634, 836.5102636997996, 812.1715330834483, 819.7154048545688, 811.5338010700699, 794.0984149608737, 769.5546045639936, 788.9794276817172, 773.5783042558658, 784.4691558438968, 760.8249359529782, 757.0955124599482, 744.2553324381511, 767.1079389185687, 757.9950602811925, 733.6578633626302, 743.7731029734892, 728.7413664175795, 735.1014194264131, 708.3864609462763]
--------------------------------------------------

